Volume,Radius,X,Y
5169,0,1435.73479313819,11294.4284967916
7221,0,1732.69272777357,16045.7282418566
2825,0,1998.20110099464,19329.6334342384
7699,0,2461.51297277544,19109.9278366527
6074,0,3056.32585761196,18789.8242656526
8954,0,4007.07827872412,18156.1798103048
7576,0,4327.99934656639,38271.8814326224
10745,0,4586.06196611931,37752.7339331202
17747,0,4798.00351479515,42134.6262665885
11230,0,5300.27347109412,18751.7860811549
5318,0,5307.38984044141,19189.9100257638
9246,0,5450.223376024,18980.7245875159
2107,0,8862.40872575139,39052.9445833702
1382,0,9851.13803569532,38760.1744408981
3087,0,10556.2661166066,35518.1959702785
1898,0,12315.1783656813,35477.4410426449
4870,0,12116.5555868189,24596.8560359288
6012,0,12874.9817078482,24102.2259225923
1183,0,15691.7445972495,33824.9821928688
2362,0,15960.159347033,33209.5503034514
2100,0,15943.9629370692,33660.9301675227
2138,0,19854.5399455924,12561.4647250615
2743,0,22202.5183809877,32271.4367174155
3121,0,22798.919253955,32337.7891956703
1564,0,22998.6408235846,31952.110223498
1973,0,28091.6390161322,33463.8143796057
2693,0,29317.7604390088,4302.23921872861
1592,0,30039.0621043882,31036.3860702031
1936,0,30892.6100122806,4210.88979749091
1780,0,31186.3731259404,4006.92663294719
2066,0,39064.0882686289,10465.5493022076
7836,0,48031.0167649405,5223.87723548757
3133,0,53.8986334229847,37432.2052409682
2230,0,4162.6899849498,1822.63055571431
2026,0,5370.53985301953,4313.50959432375
1207,0,5527.4161033723,21700.3007431751
748,0,5626.94785574102,4870.24755163904
1097,0,5700.51834517545,4273.43965370905
4277,0,5880.46523299011,4698.73714752065
1502,0,6300.88640773984,5200.65430193216
1009,0,6584.54835966424,48374.3584692643
1673,0,9553.31131875632,26950.1526663058
1058,0,9884.7202579393,27285.3335055016
935,0,10499.6304001499,45688.1423671633
1582,0,11245.7258134579,14798.4786403681
1164,0,11568.1829107497,15469.6355273328
1074,0,11953.8539236531,24561.6948806226
987,0,11910.992808244,20328.12146345
2046,0,12303.5184559281,26508.3717531522
1025,0,13209.3966078109,39764.1184275574
6978,0,13329.3236484372,4033.58322899432
9997,0,15844.0574975849,35794.9490858349
5352,0,15895.8339091669,23439.4300083589
4383,0,16136.6835856806,23977.5235618636
2098,0,16236.4727538237,23425.7641034509
1762,0,16393.2401081483,26137.1757172334
1556,0,16569.1026452732,24045.6202804279
1364,0,16606.7431251556,23717.3278177364
2020,0,16916.6662064681,24183.0067073942
2306,0,17743.1227312771,33369.4342710337
1796,0,18005.0712722635,25964.7426128856
5396,0,17909.054820557,27083.3402813666
2344,0,18504.1132972698,27263.173335191
7258,0,19299.1761896084,27587.0430091025
7770,0,23458.215528458,998.128553079335
5622,0,23476.4267494235,23083.4069222646
4420,0,23436.6611377206,1675.37340069549
1654,0,23604.4390548192,6644.33126112965
1857,0,23812.795207812,6784.70657020828
6092,0,23982.7993766533,22464.3968361227
1755,0,24141.1493160341,24477.9974778069
1048,0,24542.9958268127,6932.86308566055
1955,0,26806.6366541199,22885.552573092
1462,0,26951.849143015,35404.3745550372
1325,0,28376.7811071514,37919.5981539081
2257,0,29205.4471256326,38061.3437416947
4110,0,29737.3395000122,37803.1302792045
2573,0,30182.7054181135,26325.7298669148
3276,0,30720.4610796023,24890.4776139321
979,0,31339.0860034135,29431.0718288889
1709,0,33027.4612034897,10674.3997166505
9309,0,33608.666632227,10652.91360799
2106,0,34173.2373699206,10562.2504283173
2882,0,34396.3708476853,21982.8286414954
5256,0,34946.9032956718,23795.2271440987
2909,0,35233.5108058346,24361.8595958376
2498,0,35744.6985946832,24367.0341023539
2017,0,36169.5175353925,24628.2733429858
1742,0,36338.941893342,38275.1673960715
2021,0,37571.6202340506,2377.5614382786
1987,0,38176.9096018114,820.412046699954
1697,0,42318.3910480586,43449.6268774835
2551,0,47493.2943464153,36282.541885652
1888,0,48270.6472246537,36424.2391354719
3822,0,49321.459415855,30665.7764488623
7137,0,54795,40457
7183,0,54795,41473
4995,0,54795,41609
1564,0,54795,41745
2005,0,54795,41857
1085,0,54795,42683
1284,0,54795,42875
1085,0,54795,43555
5239,0,54795,43579
1987,0,54795,43699
1314,0,54795,43819
1972,0,54795,43883
1056,0,54795,44569
2851,0,54795,44929
4333,0,54795,46771
2375,0,54795,46891
6090,0,54795,47587
1612,0,54795,47667
8764,0,54795,47779
10483,0,54795,47851
7512,0,54795,47907
2191,0,54795,47971
3935,0,54795,48043
1955,0,13911.9609345673,1735.58967057148
2097,0,14150.7659534417,1863.66186860764
14797,0,14545.5974936644,1530.48171863012
2654,0,21604.1700435083,8252.00449532005
3502,0,21732.1557575156,7738.43231029003
2522,0,23718.135795876,5949.21486426346
3614,0,30313.4359116579,99.2339653085922
3627,0,2946.61977707205,33048.5868827449
767,0,6284.47389927026,40694.3628074789
3673,0,6210.92190146303,30742.2483326795
3520,0,7001.05264487161,26265.3141854918
497,0,9344.77241628684,52872.4573845524
632,0,11761.9778774357,24909.1494163338
703,0,16817.7412843868,20085.369764428
533,0,18899.3858244475,8553.12912223739
831,0,28165.7093803881,36209.3444733849
726,0,32084.7958288849,7806.1783668728
1022,0,33374.1748294471,17086.2610596341
704,0,33655.4921031498,17598.4072157283
755,0,34031.0524085998,17520.4561001285
828,0,34311.7697673614,9923.49852869902
593,0,38611.5470368799,54419.5576464723
848,0,38500.5541982222,61238.9030747952
573,0,39468.699854525,5221.84929866678
415,0,40456.4323954173,42459.695342677
1041,0,40349,40465
675,0,40349,41481
600,0,40349,41617
4161,0,40349,41753
4748,0,40349,41801
751,0,40349,41825
1048,0,40349,41865
2124,0,40349,42691
2806,0,40349,42883
6010,0,40349,43563
2533,0,40349,43587
979,0,40349,43651
691,0,40349,43707
524,0,40349,43755
810,0,40349,43827
812,0,40349,43891
6748,0,40349,44553
4746,0,40349,44577
982,0,40349,44769
1086,0,40349,44937
293,0,40349,46779
643,0,40349,46899
835,0,40349,47595
7267,0,40349,47675
826,0,40349,47787
869,0,40349,47811
720,0,40349,47859
709,0,40349,47915
892,0,40349,47979
735,0,40349,48051
812,0,40738.0786904167,41684.5591736237
761,0,44583.3060633333,37362.5610875071
6710,0,44541,37559
2100,0,45974.782903429,18284.6357117618
561,0,46109.4994711047,54287.9588343147
1367,0,46969.4023388744,18018.941712527
919,0,48772.8996479289,48276.1864322677
685,0,49035.3277062191,10614.8870348686
412,0,255.482434759124,28543.4016474798
717,0,2030.49057261945,29359.4421924474
626,0,2128.48797054943,39272.1857927058
437,0,2469.76488859966,39014.7131902561
443,0,2427.14756470916,39310.1677786171
3172,0,4221.57956467622,44682.1362541091
496,0,4979.31388206388,23996.8522113022
807,0,5624.588226681,36079.4366697934
1894,0,5449.36746524024,17045.4983364631
452,0,5898.21772782807,16205.176889543
293,0,5981.82289876089,18770.7666620502
576,0,5898.88446979608,16768.6699286549
388,0,6174.94456906922,27320.958890081
847,0,6155.80480596516,16356.494872384
1140,0,6388.10018384266,27767.3415519095
479,0,6477.51350119904,27386.4373860911
750,0,7002.38576619875,24563.8479324796
551,0,7195.24282874557,46303.4739939181
399,0,7246.48803730101,46664.3626644479
531,0,7311.84400334522,46942.3234285129
634,0,7405.51065153909,16231.4710750019
548,0,9394.88955622289,13347.9111873779
860,0,9412.43987015375,17746.8056304019
942,0,9955.98486361276,13611.8912496505
501,0,10608.0547347869,24765.617051741
695,0,12916.4984844412,11036.6351350099
555,0,15710.1658847356,38019.7822164104
1167,0,16765.5469570468,36305.2438300777
1685,0,17256.4111261872,12019.0381375611
452,0,17088.8193088895,12271.9735977555
690,0,17343.5649701921,11797.9070618974
1009,0,19728.4562436404,45279.844889892
467,0,20386.8215217404,11111.5547234004
472,0,21184.9608548686,22279.3951150365
3423,0,21418.5035097239,12780.8544996236
5855,0,21962.6686118686,13025.6415346582
1623,0,22048.7867818855,21335.0196415995
2284,0,22591.239214518,22037.8892114884
972,0,22534.3019586286,21352.7825861226
754,0,22975.9885443413,51616.7906489345
917,0,23257.834760462,52063.2027181311
1041,0,25371.4642722393,35750.443777976
589,0,25413.0213356631,25627.7525536658
853,0,26789.5473579331,17772.2583453583
5370,0,27167.1447824398,45671.2943665099
1140,0,27982.5425299162,29009.9456136641
217,0,29206.2891629793,47725.7887603942
623,0,29843.089391589,30680.7562930042
374,0,31139.8139588689,52180.1535389889
155,0,32050.1070768011,11376.578215827
844,0,32741.6948442262,6684.65626058246
398,0,33864.630406613,53875.500834078
676,0,34516.3787438577,6171.94044324515
1265,0,35843.6591416119,17259.0996675777
391,0,36131.2317831528,17086.2086258202
674,0,35909,17198
243,0,35910,17204.5
688,0,36542.8530613875,16891.0792139843
322,0,36727.3861803484,29839.4700606294
519,0,36911.7829560586,27567.9488317571
5035,0,36931.4329165665,29968.5270497716
606,0,37825.9316242288,27579.1254703399
12719,0,38388.1190665898,47170.2241642368
508,0,38611.263383727,46770.7749278181
278,0,40030.4243584167,24110.1342322749
614,0,40212.6446652864,23628.5204968944
884,0,40336.7890227954,23974.501556111
490,0,40716.6024347984,63513.9479749105
1349,0,41374.0136495047,28048.977914343
7954,0,41407.6379858348,28501.6491353205
10085,0,41650.3169078914,25132.8797371247
224,0,41820.4497064236,29904.5751292612
436,0,41830.2377719846,25215.543711122
3439,0,41978.3739994427,29781.317574255
424,0,44639.2051512147,19267.1960472134
738,0,44488.3376431959,19101.2512513681
1207,0,45745.054665327,27476.8316551406
561,0,47906.6618781334,21109.9508842488
612,0,48129.6295827822,29065.3497059874
868,0,51159.8384088838,30649.0708033992
453,0,51804.7818825536,26874.5859809446
763,0,52110.7906103986,34929.007282036
544,0,52061.7690701253,26753.7233457903
314,0,53230.7389322041,37105.0223532671
470,0,53243.6604524174,34858.8487469859
721,0,54096.8524110198,20632.9021129493
377,0,57244.8263026712,31055.4867851768
676,0,56924.0319011752,30140.3277014156
1702,0,56847.7021408626,30841.1275554177
615,0,57122.8444903325,30517.8745285775
757,0,58281.6487943262,30035.658392435
1202,0,24668.3961808467,37210.2672406242
1011,0,26402.5099618965,40657.5746052208
1313,0,27572.7295421564,45992.4340984369
985,0,32588.1540614007,49261.4701870803
969,0,37145.6927107572,26503.3417561519
1105,0,42955,70017
1181,0,42955,71033
1157,0,42955,71305
993,0,42955,71417
1384,0,42955,72435
1016,0,42955,73115
654,0,42955,73259
706,0,42955,73379
1235,0,42955,73443
1247,0,42955,74129
1122,0,42956,1331
867,0,42956,1451
1545,0,42956,2227
985,0,42956,2339
1329,0,42956,2363
855,0,42956,2411
3459,0,42956,2467
979,0,42956,2531
1575,0,42956,2603
4320,0,45766.1778147071,36542.8981649842
2214,0,46168.8750650302,36546.2948414619
1033,0,51992.6531423265,31763.061180455
10037,0,55816.4328615574,40664.1361378109
5879,0,55906.9513042602,40901.4053781851
